<100:
97,89,83,79,73,71,67,61,59,53,49,47,43,41,37,31,29,25,23,19,17,13,11,9,7,5,4,3,2,
>100:
101,103,107,109,113,121,127,131,137,139,149,151,157,163,167,169,173,179,181,191,193,197,199,211,223,227,229,233,239,241,251,257,263,269,271,277,281,283,289,293,307,311,313,317,331,337,347,349,353,359,361,367,373,379,383,389,397,401,409,419,421,431,433,439,443,449,457,461,463,467,479,487,491,499,503,509,521,523,529,541,547,557,563,569,571,577,587,593,599,601,607,613,617,619,631,641,643,647,653,659,

<1000:
997,991,983,977,971,967,961,953,947,941,937,929,919,911,907,887,883,881,877,863,859,857,853,841,839,829,827,823,821,811,809,797,787,773,769,761,757,751,743,739,733,727,719,709,701,691,683,677,673,661,659,653,647,643,641,631,619,617,613,607,601,599,593,587,577,571,569,563,557,547,541,529,523,521,509,503,499,491,487,479,467,463,461,457,449,443,439,433,431,421,419,409,401,397,389,383,379,373,367,361,
>1000:
1009,1013,1019,1021,1031,1033,1039,1049,1051,1061,1063,1069,1087,1091,1093,1097,1103,1109,1117,1123,1129,1151,1153,1163,1171,1181,1187,1193,1201,1213,1217,1223,1229,1231,1237,1249,1259,1277,1279,1283,1289,1291,1297,1301,1303,1307,1319,1321,1327,1361,1367,1369,1373,1381,1399,1409,1423,1427,1429,1433,1439,1447,1451,1453,1459,1471,1481,1483,1487,1489,1493,1499,1511,1523,1531,1543,1549,1553,1559,1567,1571,1579,1583,1597,1601,1607,1609,1613,1619,1621,1627,1637,1657,1663,1667,1669,1681,1693,1697,1699,

<10000:
9973,9967,9949,9941,9931,9929,9923,9907,9901,9887,9883,9871,9859,9857,9851,9839,9833,9829,9817,9811,9803,9791,9787,9781,9769,9767,9749,9743,9739,9733,9721,9719,9697,9689,9679,9677,9661,9649,9643,9631,9629,9623,9619,9613,9601,9587,9551,9547,9539,9533,9521,9511,9497,9491,9479,9473,9467,9463,9461,9439,9437,9433,9431,9421,9419,9413,9409,9403,9397,9391,9377,9371,9349,9343,9341,9337,9323,9319,9311,9293,9283,9281,9277,9257,9241,9239,9227,9221,9209,9203,9199,9187,9181,9173,9161,9157,9151,9137,9133,9127,
>10000:
10007,10009,10037,10039,10061,10067,10069,10079,10091,10093,10099,10103,10111,10133,10139,10141,10151,10159,10163,10169,10177,10181,10193,10201,10211,10223,10243,10247,10253,10259,10267,10271,10273,10289,10301,10303,10313,10321,10331,10333,10337,10343,10357,10369,10391,10399,10427,10429,10433,10453,10457,10459,10463,10477,10487,10499,10501,10513,10529,10531,10559,10567,10589,10597,10601,10607,10609,10613,10627,10631,10639,10651,10657,10663,10667,10687,10691,10709,10711,10723,10729,10733,10739,10753,10771,10781,10789,10799,10831,10837,10847,10853,10859,10861,10867,10883,10889,10891,10903,10909,

<100000:
99991,99989,99971,99961,99929,99923,99907,99901,99881,99877,99871,99859,99839,99833,99829,99823,99817,99809,99793,99787,99767,99761,99733,99721,99719,99713,99709,99707,99689,99679,99667,99661,99643,99623,99611,99607,99581,99577,99571,99563,99559,99551,99529,99527,99523,99497,99487,99469,99439,99431,99409,99401,99397,99391,99377,99371,99367,99349,99347,99317,99289,99277,99259,99257,99251,99241,99233,99223,99191,99181,99173,99149,99139,99137,99133,99131,99119,99109,99103,99089,99083,99079,99053,99041,99023,99017,99013,98999,98993,98981,98963,98953,98947,98939,98929,98927,98911,98909,98899,98897,
>100000:
100003,100019,100043,100049,100057,100069,100103,100109,100129,100151,100153,100169,100183,100189,100193,100207,100213,100237,100267,100271,100279,100291,100297,100313,100333,100343,100357,100361,100363,100379,100391,100393,100403,100411,100417,100447,100459,100469,100483,100489,100493,100501,100511,100517,100519,100523,100537,100547,100549,100559,100591,100609,100613,100621,100649,100669,100673,100693,100699,100703,100733,100741,100747,100769,100787,100799,100801,100811,100823,100829,100847,100853,100907,100913,100927,100931,100937,100943,100957,100981,100987,100999,101009,101021,101027,101051,101063,101081,101089,101107,101111,101113,101117,101119,101141,101149,101159,101161,101173,101183,

<1000000:
999983,999979,999961,999959,999953,999931,999917,999907,999883,999863,999853,999809,999773,999769,999763,999749,999727,999721,999683,999671,999667,999653,999631,999623,999613,999611,999599,999563,999553,999541,999529,999521,999499,999491,999451,999437,999433,999431,999389,999377,999371,999359,999331,999329,999307,999287,999269,999239,999233,999221,999217,999199,999181,999169,999149,999133,999101,999091,999083,999067,999049,999043,999029,999023,999007,998989,998983,998969,998957,998951,998947,998941,998927,998917,998909,998897,998861,998857,998843,998839,998831,998819,998813,998779,998759,998749,998743,998737,998717,998689,998687,998681,998653,998651,998633,998629,998623,998617,998561,998551,
>1000000:
1000003,1000033,1000037,1000039,1000081,1000099,1000117,1000121,1000133,1000151,1000159,1000171,1000183,1000187,1000193,1000199,1000211,1000213,1000231,1000249,1000253,1000273,1000289,1000291,1000303,1000313,1000333,1000357,1000367,1000381,1000393,1000397,1000403,1000409,1000423,1000427,1000429,1000453,1000457,1000507,1000537,1000541,1000547,1000577,1000579,1000589,1000609,1000619,1000621,1000639,1000651,1000667,1000669,1000679,1000691,1000697,1000721,1000723,1000763,1000777,1000793,1000829,1000847,1000849,1000859,1000861,1000889,1000907,1000919,1000921,1000931,1000969,1000973,1000981,1000999,1001003,1001017,1001023,1001027,1001041,1001069,1001081,1001087,1001089,1001093,1001107,1001123,1001153,1001159,1001173,1001177,1001191,1001197,1001219,1001237,1001267,1001279,1001291,1001303,1001311,

<10000000:
9999991,9999973,9999971,9999943,9999937,9999931,9999929,9999907,9999901,9999889,9999883,9999877,9999863,9999823,9999761,9999749,9999739,9999713,9999677,9999667,9999659,9999653,9999637,9999601,9999593,9999533,9999511,9999481,9999469,9999463,9999433,9999419,9999401,9999397,9999347,9999337,9999317,9999299,9999289,9999277,9999271,9999233,9999221,9999217,9999193,9999167,9999163,9999161,9999083,9999071,9999053,9999049,9999047,9998977,9998971,9998969,9998929,9998903,9998893,9998887,9998867,9998861,9998851,9998809,9998801,9998797,9998777,9998753,9998749,9998743,9998741,9998719,9998701,9998699,9998689,9998641,9998633,9998623,9998603,9998587,9998581,9998561,9998557,9998543,9998539,9998479,9998459,9998447,9998441,9998423,9998413,9998393,9998381,9998377,9998333,9998323,9998321,9998309,9998281,9998279,
>10000000:
10000019,10000079,10000103,10000121,10000139,10000141,10000169,10000189,10000223,10000229,10000247,10000253,10000261,10000271,10000303,10000339,10000349,10000357,10000363,10000379,10000439,10000451,10000453,10000457,10000481,10000511,10000537,10000583,10000591,10000609,10000643,10000651,10000657,10000667,10000687,10000691,10000721,10000723,10000733,10000741,10000747,10000759,10000763,10000769,10000789,10000799,10000813,10000819,10000831,10000849,10000867,10000871,10000873,10000877,10000891,10000931,10000943,10000961,10000967,10000987,10000993,10001009,10001053,10001081,10001093,10001107,10001119,10001203,10001207,10001209,10001213,10001221,10001227,10001231,10001237,10001261,10001269,10001281,10001311,10001347,10001357,10001363,10001399,10001401,10001419,10001441,10001443,10001461,10001473,10001483,10001501,10001521,10001531,10001533,10001567,10001569,10001587,10001603,10001617,10001659,

<100000000:
99999989,99999971,99999959,99999941,99999931,99999847,99999839,99999827,99999821,99999787,99999773,99999721,99999703,99999677,99999643,99999623,99999617,99999611,99999589,99999587,99999563,99999551,99999547,99999541,99999539,99999517,99999509,99999481,99999439,99999437,99999401,99999373,99999353,99999343,99999329,99999323,99999307,99999259,99999257,99999247,99999217,99999187,99999167,99999157,99999131,99999113,99999103,99999089,99999079,99999077,99999073,99999043,99998999,99998971,99998953,99998933,99998929,99998909,99998891,99998869,99998851,99998819,99998797,99998783,99998749,99998663,99998611,99998609,99998603,99998557,99998551,99998543,99998513,99998497,99998491,99998473,99998449,99998447,99998441,99998429,99998417,99998413,99998377,99998363,99998357,99998323,99998299,99998291,99998257,99998251,99998231,99998207,99998191,99998147,99998111,99998099,99998071,99998051,99998021,99997981,
>100000000:
100000007,100000037,100000039,100000049,100000073,100000081,100000123,100000127,100000193,100000213,100000217,100000223,100000231,100000237,100000259,100000267,100000279,100000357,100000379,100000393,100000399,100000421,100000429,100000463,100000469,100000471,100000493,100000541,100000543,100000561,100000567,100000577,100000609,100000627,100000643,100000651,100000661,100000669,100000673,100000687,100000717,100000721,100000793,100000799,100000801,100000837,100000841,100000853,100000891,100000921,100000937,100000939,100000963,100000969,100001029,100001053,100001059,100001081,100001087,100001107,100001119,100001131,100001147,100001159,100001177,100001183,100001203,100001207,100001219,100001227,100001303,100001329,100001333,100001347,100001357,100001399,100001431,100001449,100001467,100001507,100001533,100001537,100001569,100001581,100001591,100001611,100001623,100001651,100001653,100001687,100001689,100001719,100001761,100001767,100001777,100001791,100001801,100001809,100001813,100001819,

<1000000000:
999999937,999999929,999999893,999999883,999999797,999999761,999999757,999999751,999999739,999999733,999999677,999999667,999999613,999999607,999999599,999999587,999999541,999999527,999999503,999999491,999999487,999999433,999999391,999999353,999999337,999999323,999999229,999999223,999999197,999999193,999999191,999999181,999999163,999999151,999999137,999999131,999999113,999999107,999999103,999999067,999999059,999999043,999999029,999999017,999999001,999998981,999998971,999998959,999998957,999998929,999998921,999998917,999998903,999998869,999998863,999998843,999998801,999998789,999998777,999998693,999998689,999998687,999998683,999998663,999998653,999998641,999998639,999998627,999998621,999998617,999998609,999998563,999998537,999998533,999998509,999998507,999998501,999998459,999998423,999998369,999998339,999998309,999998269,999998261,999998243,999998203,999998183,999998173,999998147,999998143,999998141,999998137,999998119,999998107,999998081,999998059,999998023,999998017,999998003,999997967,
>1000000000:
1000000007,1000000009,1000000021,1000000033,1000000087,1000000093,1000000097,1000000103,1000000123,1000000181,1000000207,1000000223,1000000241,1000000271,1000000289,1000000297,1000000321,1000000349,1000000363,1000000403,1000000409,1000000411,1000000427,1000000433,1000000439,1000000447,1000000453,1000000459,1000000483,1000000513,1000000531,1000000579,1000000607,1000000613,1000000637,1000000663,1000000711,1000000753,1000000787,1000000801,1000000829,1000000861,1000000871,1000000891,1000000901,1000000919,1000000931,1000000933,1000000993,1000001011,1000001021,1000001053,1000001087,1000001099,1000001137,1000001161,1000001203,1000001213,1000001237,1000001263,1000001269,1000001273,1000001279,1000001311,1000001329,1000001333,1000001351,1000001371,1000001393,1000001413,1000001447,1000001449,1000001491,1000001501,1000001531,1000001537,1000001539,1000001581,1000001617,1000001621,1000001633,1000001647,1000001663,1000001677,1000001699,1000001759,1000001773,1000001789,1000001791,1000001801,1000001803,1000001819,1000001857,1000001887,1000001917,1000001927,1000001957,1000001963,1000001969,1000002043,

<10000000000:
9999999967,9999999943,9999999929,9999999881,9999999851,9999999833,9999999817,9999999787,9999999781,9999999769,9999999727,9999999707,9999999703,9999999701,9999999679,9999999673,9999999661,9999999631,9999999619,9999999557,9999999511,9999999491,9999999479,9999999379,9999999371,9999999367,9999999337,9999999319,9999999253,9999999241,9999999169,9999999161,9999999157,9999999151,9999999103,9999999089,9999999067,9999999059,9999999019,9999999017,9999999001,9999998867,9999998861,9999998837,9999998821,9999998783,9999998731,9999998711,9999998653,9999998641,9999998633,9999998611,9999998609,9999998599,9999998597,9999998557,9999998549,9999998521,9999998453,9999998419,9999998413,9999998401,9999998377,9999998363,9999998317,9999998311,9999998273,9999998269,9999998237,9999998233,9999998231,9999998191,9999998159,9999998149,9999998147,9999998137,9999998123,9999998083,9999998027,9999998023,9999997961,9999997951,9999997927,9999997921,9999997919,9999997871,9999997859,9999997823,9999997811,9999997793,9999997789,9999997757,9999997691,9999997663,9999997649,9999997619,9999997613,9999997603,9999997589,9999997561,
>10000000000:
10000000019,10000000033,10000000061,10000000069,10000000097,10000000103,10000000121,10000000141,10000000147,10000000207,10000000259,10000000277,10000000279,10000000319,10000000343,10000000391,10000000403,10000000469,10000000501,10000000537,10000000583,10000000589,10000000597,10000000601,10000000631,10000000643,10000000649,10000000667,10000000679,10000000711,10000000723,10000000741,10000000753,10000000793,10000000799,10000000807,10000000877,10000000883,10000000889,10000000949,10000000963,10000000991,10000000993,10000000999,10000001041,10000001047,10000001051,10000001057,10000001087,10000001101,10000001113,10000001117,10000001153,10000001159,10000001251,10000001371,10000001377,10000001383,10000001411,10000001419,10000001437,10000001441,10000001467,10000001471,10000001519,10000001533,10000001551,10000001593,10000001623,10000001651,10000001659,10000001677,10000001689,10000001707,10000001723,10000001743,10000001747,10000001797,10000001813,10000001861,10000001873,10000001899,10000001941,10000001959,10000001969,10000001989,10000002011,10000002037,10000002071,10000002113,10000002143,10000002263,10000002277,10000002323,10000002349,10000002403,10000002407,10000002451,10000002521,10000002527,

<100000000000:
99999999977,99999999947,99999999943,99999999907,99999999871,99999999851,99999999833,99999999829,99999999821,99999999769,99999999763,99999999761,99999999731,99999999713,99999999709,99999999689,99999999667,99999999653,99999999647,99999999599,99999999581,99999999571,99999999559,99999999557,99999999551,99999999529,99999999527,99999999439,99999999431,99999999409,99999999391,99999999353,99999999289,99999999277,99999999269,99999999247,99999999227,99999999193,99999999149,99999999139,99999999133,99999999119,99999999103,99999999097,99999999023,99999999019,99999998993,99999998957,99999998951,99999998939,99999998933,99999998921,99999998893,99999998881,99999998821,99999998767,99999998743,99999998687,99999998647,99999998641,99999998639,99999998627,99999998591,99999998573,99999998513,99999998509,99999998491,99999998471,99999998401,99999998377,99999998347,99999998341,99999998339,99999998321,99999998317,99999998291,99999998279,99999998269,99999998237,99999998167,99999998149,99999998129,99999998099,99999998089,99999998081,99999998071,99999998017,99999998003,99999997919,99999997913,99999997907,99999997897,99999997891,99999997883,99999997859,99999997849,99999997841,99999997831,99999997819,99999997771,
>100000000000:
100000000003,100000000019,100000000057,100000000063,100000000069,100000000073,100000000091,100000000103,100000000129,100000000171,100000000183,100000000193,100000000211,100000000223,100000000237,100000000253,100000000283,100000000319,100000000363,100000000367,100000000379,100000000393,100000000403,100000000411,100000000417,100000000427,100000000447,100000000487,100000000519,100000000567,100000000579,100000000621,100000000631,100000000637,100000000669,100000000699,100000000703,100000000721,100000000739,100000000747,100000000801,100000000817,100000000819,100000000861,100000000901,100000000943,100000000951,100000001009,100000001099,100000001111,100000001149,100000001201,100000001209,100000001237,100000001239,100000001249,100000001267,100000001287,100000001291,100000001317,100000001347,100000001363,100000001377,100000001389,100000001399,100000001467,100000001489,100000001509,100000001513,100000001551,100000001557,100000001567,100000001641,100000001659,100000001693,100000001729,100000001771,100000001807,100000001831,100000001837,100000001839,100000001863,100000001909,100000001921,100000001923,100000001939,100000001957,100000001989,100000002017,100000002031,100000002041,100000002059,100000002061,100000002097,100000002103,100000002181,100000002191,100000002199,100000002229,100000002251,

<1000000000000:
999999999989,999999999961,999999999959,999999999937,999999999899,999999999877,999999999863,999999999857,999999999847,999999999767,999999999707,999999999697,999999999673,999999999617,999999999611,999999999599,999999999589,999999999577,999999999571,999999999529,999999999517,999999999497,999999999457,999999999391,999999999359,999999999331,999999999301,999999999293,999999999287,999999999277,999999999269,999999999253,999999999247,999999999161,999999999143,999999999133,999999999101,999999999091,999999998941,999999998939,999999998867,999999998863,999999998821,999999998801,999999998771,999999998761,999999998737,999999998719,999999998713,999999998611,999999998581,999999998567,999999998533,999999998531,999999998527,999999998513,999999998509,999999998497,999999998461,999999998449,999999998441,999999998429,999999998401,999999998399,999999998311,999999998281,999999998237,999999998227,999999998203,999999998191,999999998183,999999998171,999999998159,999999998143,999999998141,999999998069,999999998059,999999998047,999999998021,999999997939,999999997933,999999997907,999999997831,999999997823,999999997819,999999997793,999999997771,999999997757,999999997753,999999997723,999999997721,999999997679,999999997621,999999997603,999999997589,999999997517,999999997459,999999997433,999999997397,999999997391,
>1000000000000:
1000000000039,1000000000061,1000000000063,1000000000091,1000000000121,1000000000163,1000000000169,1000000000177,1000000000189,1000000000193,1000000000211,1000000000271,1000000000303,1000000000331,1000000000333,1000000000339,1000000000459,1000000000471,1000000000537,1000000000543,1000000000547,1000000000561,1000000000609,1000000000661,1000000000669,1000000000721,1000000000751,1000000000787,1000000000789,1000000000799,1000000000841,1000000000903,1000000000921,1000000000931,1000000000933,1000000000949,1000000000997,1000000001051,1000000001083,1000000001123,1000000001159,1000000001197,1000000001201,1000000001213,1000000001243,1000000001261,1000000001263,1000000001293,1000000001303,1000000001339,1000000001389,1000000001419,1000000001443,1000000001491,1000000001509,1000000001587,1000000001591,1000000001621,1000000001641,1000000001717,1000000001771,1000000001773,1000000001837,1000000001881,1000000001911,1000000001939,1000000001947,1000000001953,1000000001963,1000000001999,1000000002059,1000000002119,1000000002139,1000000002143,1000000002167,1000000002173,1000000002217,1000000002227,1000000002277,1000000002341,1000000002373,1000000002403,1000000002431,1000000002493,1000000002511,1000000002587,1000000002613,1000000002623,1000000002637,1000000002667,1000000002679,1000000002713,1000000002721,1000000002739,1000000002761,1000000002803,1000000002821,1000000002857,1000000002871,1000000002889,

<10000000000000:
9999999999971,9999999999863,9999999999799,9999999999763,9999999999733,9999999999701,9999999999659,9999999999643,9999999999589,9999999999553,9999999999527,9999999999497,9999999999443,9999999999337,9999999999329,9999999999313,9999999999299,9999999999251,9999999999221,9999999999179,9999999999161,9999999999137,9999999999083,9999999999079,9999999999053,9999999999023,9999999998987,9999999998981,9999999998977,9999999998971,9999999998903,9999999998869,9999999998831,9999999998797,9999999998761,9999999998707,9999999998687,9999999998647,9999999998633,9999999998579,9999999998557,9999999998501,9999999998491,9999999998489,9999999998453,9999999998393,9999999998363,9999999998347,9999999998299,9999999998293,9999999998279,9999999998269,9999999998243,9999999998213,9999999998207,9999999998179,9999999998159,9999999998101,9999999998063,9999999998059,9999999997993,9999999997943,9999999997919,9999999997907,9999999997877,9999999997861,9999999997849,9999999997831,9999999997829,9999999997789,9999999997721,9999999997717,9999999997693,9999999997649,9999999997613,9999999997583,9999999997571,9999999997513,9999999997447,9999999997411,9999999997381,9999999997373,9999999997369,9999999997331,9999999997321,9999999997291,9999999997249,9999999997241,9999999997223,9999999997181,9999999997129,9999999997123,9999999997121,9999999997111,9999999997093,9999999997063,9999999996983,9999999996977,9999999996971,9999999996967,
>10000000000000:
10000000000037,10000000000051,10000000000099,10000000000129,10000000000183,10000000000259,10000000000267,10000000000273,10000000000279,10000000000283,10000000000313,10000000000343,10000000000391,10000000000411,10000000000433,10000000000453,10000000000591,10000000000609,10000000000643,10000000000649,10000000000657,10000000000687,10000000000691,10000000000717,10000000000729,10000000000751,10000000000759,10000000000777,10000000000853,10000000000883,10000000000943,10000000000957,10000000000987,10000000000993,10000000001011,10000000001023,10000000001087,10000000001093,10000000001141,10000000001161,10000000001177,10000000001191,10000000001207,10000000001239,10000000001261,10000000001267,10000000001269,10000000001291,10000000001309,10000000001339,10000000001347,10000000001351,10000000001399,10000000001437,10000000001441,10000000001461,10000000001489,10000000001521,10000000001527,10000000001567,10000000001573,10000000001617,10000000001633,10000000001657,10000000001669,10000000001681,10000000001683,10000000001753,10000000001777,10000000001833,10000000001863,10000000001867,10000000001903,10000000001933,10000000001969,10000000001987,10000000002017,10000000002019,10000000002049,10000000002061,10000000002067,10000000002073,10000000002079,10000000002089,10000000002107,10000000002121,10000000002133,10000000002197,10000000002227,10000000002269,10000000002299,10000000002353,10000000002371,10000000002383,10000000002389,10000000002401,10000000002407,10000000002449,10000000002463,10000000002491,

<100000000000000:
99999999999973,99999999999971,99999999999959,99999999999931,99999999999929,99999999999923,99999999999853,99999999999829,99999999999821,99999999999797,99999999999791,99999999999701,99999999999673,99999999999503,99999999999481,99999999999469,99999999999467,99999999999463,99999999999457,99999999999371,99999999999343,99999999999337,99999999999323,99999999999313,99999999999287,99999999999269,99999999999223,99999999999209,99999999999199,99999999999187,99999999999181,99999999999161,99999999999101,99999999999079,99999999999047,99999999999041,99999999999037,99999999999017,99999999998737,99999999998669,99999999998617,99999999998611,99999999998501,99999999998461,99999999998429,99999999998419,99999999998399,99999999998357,99999999998333,99999999998321,99999999998237,99999999998231,99999999998191,99999999998189,99999999998177,99999999998137,99999999998111,99999999998099,99999999998057,99999999998047,99999999998011,99999999997991,99999999997979,99999999997907,99999999997903,99999999997897,99999999997873,99999999997871,99999999997841,99999999997823,99999999997811,99999999997763,99999999997759,99999999997747,99999999997687,99999999997673,99999999997637,99999999997567,99999999997559,99999999997553,99999999997549,99999999997529,99999999997519,99999999997487,99999999997483,99999999997321,99999999997309,99999999997279,99999999997207,99999999997201,99999999997193,99999999997141,99999999997087,99999999997003,99999999996989,99999999996979,99999999996877,99999999996857,99999999996817,99999999996803,
>100000000000000:
100000000000031,100000000000067,100000000000097,100000000000099,100000000000133,100000000000139,100000000000169,100000000000183,100000000000261,100000000000357,100000000000367,100000000000403,100000000000423,100000000000469,100000000000487,100000000000493,100000000000541,100000000000601,100000000000643,100000000000657,100000000000709,100000000000721,100000000000753,100000000000777,100000000000807,100000000000841,100000000000843,100000000000861,100000000000963,100000000000993,100000000001087,100000000001089,100000000001129,100000000001173,100000000001177,100000000001189,100000000001197,100000000001203,100000000001273,100000000001303,100000000001381,100000000001387,100000000001413,100000000001423,100000000001467,100000000001549,100000000001593,100000000001611,100000000001623,100000000001647,100000000001659,100000000001669,100000000001723,100000000001731,100000000001809,100000000001831,100000000001843,100000000001959,100000000002029,100000000002037,100000000002047,100000000002079,100000000002113,100000000002143,100000000002239,100000000002323,100000000002361,100000000002367,100000000002433,100000000002533,100000000002563,100000000002569,100000000002577,100000000002619,100000000002733,100000000002743,100000000002787,100000000002821,100000000002839,100000000002887,100000000002911,100000000002989,100000000003037,100000000003039,100000000003049,100000000003073,100000000003087,100000000003213,100000000003291,100000000003303,100000000003363,100000000003391,100000000003451,100000000003457,100000000003487,100000000003513,100000000003517,100000000003583,100000000003693,100000000003733,

<1000000000000000:
999999999999989,999999999999947,999999999999883,999999999999877,999999999999827,999999999999809,999999999999659,999999999999643,999999999999577,999999999999571,999999999999521,999999999999491,999999999999409,999999999999389,999999999999353,999999999999283,999999999999199,999999999999163,999999999999109,999999999999103,999999999999089,999999999999071,999999999999043,999999999998939,999999999998929,999999999998861,999999999998803,999999999998761,999999999998743,999999999998729,999999999998711,999999999998627,999999999998621,999999999998609,999999999998599,999999999998581,999999999998563,999999999998533,999999999998437,999999999998411,999999999998383,999999999998353,999999999998267,999999999998231,999999999998161,999999999998141,999999999998053,999999999998039,999999999998003,999999999997993,999999999997969,999999999997967,999999999997841,999999999997837,999999999997811,999999999997771,999999999997729,999999999997699,999999999997697,999999999997613,999999999997573,999999999997517,999999999997513,999999999997501,999999999997477,999999999997463,999999999997337,999999999997307,999999999997169,999999999997153,999999999997099,999999999997087,999999999997043,999999999997003,999999999997001,999999999996983,999999999996869,999999999996793,999999999996769,999999999996749,999999999996607,999999999996601,999999999996583,999999999996493,999999999996461,999999999996421,999999999996419,999999999996409,999999999996313,999999999996311,999999999996293,999999999996253,999999999996181,999999999996149,999999999996083,999999999996043,999999999995911,999999999995879,999999999995851,999999999995807,
>1000000000000000:
1000000000000037,1000000000000091,1000000000000159,1000000000000187,1000000000000223,1000000000000241,1000000000000249,1000000000000259,1000000000000273,1000000000000279,1000000000000297,1000000000000357,1000000000000399,1000000000000403,1000000000000487,1000000000000513,1000000000000613,1000000000000711,1000000000000741,1000000000000783,1000000000000811,1000000000000843,1000000000000873,1000000000000921,1000000000001003,1000000000001027,1000000000001063,1000000000001089,1000000000001117,1000000000001209,1000000000001269,1000000000001293,1000000000001347,1000000000001371,1000000000001413,1000000000001491,1000000000001503,1000000000001551,1000000000001617,1000000000001623,1000000000001669,1000000000001741,1000000000001749,1000000000001819,1000000000001839,1000000000001867,1000000000001897,1000000000002037,1000000000002161,1000000000002193,1000000000002229,1000000000002247,1000000000002251,1000000000002259,1000000000002313,1000000000002347,1000000000002371,1000000000002373,1000000000002457,1000000000002467,1000000000002473,1000000000002503,1000000000002517,1000000000002551,1000000000002559,1000000000002599,1000000000002629,1000000000002667,1000000000002673,1000000000002683,1000000000002767,1000000000002769,1000000000002791,1000000000002797,1000000000002799,1000000000002821,1000000000002931,1000000000002947,1000000000002977,1000000000003001,1000000000003003,1000000000003009,1000000000003019,1000000000003049,1000000000003153,1000000000003163,1000000000003189,1000000000003247,1000000000003267,1000000000003309,1000000000003357,1000000000003423,1000000000003457,1000000000003483,1000000000003649,1000000000003681,1000000000003703,1000000000003831,1000000000003841,1000000000003871,

<10000000000000000:
9999999999999937,9999999999999917,9999999999999887,9999999999999851,9999999999999817,9999999999999809,9999999999999671,9999999999999643,9999999999999641,9999999999999631,9999999999999623,9999999999999593,9999999999999571,9999999999999517,9999999999999479,9999999999999431,9999999999999409,9999999999999391,9999999999999389,9999999999999349,9999999999999343,9999999999999337,9999999999999301,9999999999999253,9999999999999199,9999999999999187,9999999999999167,9999999999999137,9999999999999049,9999999999999011,9999999999998993,9999999999998923,9999999999998909,9999999999998893,9999999999998873,9999999999998867,9999999999998857,9999999999998821,9999999999998819,9999999999998791,9999999999998779,9999999999998683,9999999999998633,9999999999998623,9999999999998599,9999999999998597,9999999999998579,9999999999998557,9999999999998551,9999999999998531,9999999999998513,9999999999998497,9999999999998413,9999999999998339,9999999999998329,9999999999998303,9999999999998291,9999999999998213,9999999999998189,9999999999998171,9999999999998159,9999999999998119,9999999999998069,9999999999998009,9999999999997999,9999999999997937,9999999999997921,9999999999997873,9999999999997871,9999999999997831,9999999999997691,9999999999997681,9999999999997633,9999999999997613,9999999999997591,9999999999997547,9999999999997537,9999999999997529,9999999999997493,9999999999997459,9999999999997457,9999999999997411,9999999999997387,9999999999997367,9999999999997333,9999999999997331,9999999999997309,9999999999997283,9999999999997199,9999999999997193,9999999999997187,9999999999997123,9999999999997081,9999999999997057,9999999999997031,9999999999997027,9999999999996991,9999999999996977,9999999999996961,9999999999996949,
>10000000000000000:
10000000000000061,10000000000000069,10000000000000079,10000000000000099,10000000000000453,10000000000000481,10000000000000597,10000000000000613,10000000000000639,10000000000000669,10000000000000753,10000000000000793,10000000000000819,10000000000000861,10000000000000897,10000000000000909,10000000000000931,10000000000000949,10000000000000957,10000000000000991,10000000000001029,10000000000001101,10000000000001129,10000000000001239,10000000000001293,10000000000001311,10000000000001321,10000000000001377,10000000000001423,10000000000001477,10000000000001549,10000000000001551,10000000000001567,10000000000001657,10000000000001659,10000000000001719,10000000000001723,10000000000001731,10000000000001743,10000000000001747,10000000000001771,10000000000001789,10000000000001833,10000000000001873,10000000000001939,10000000000002013,10000000000002049,10000000000002053,10000000000002083,10000000000002137,10000000000002203,10000000000002269,10000000000002281,10000000000002359,10000000000002401,10000000000002473,10000000000002479,10000000000002517,10000000000002547,10000000000002569,10000000000002631,10000000000002643,10000000000002731,10000000000002769,10000000000002809,10000000000002823,10000000000002851,10000000000002877,10000000000002907,10000000000002931,10000000000002949,10000000000002953,10000000000003037,10000000000003049,10000000000003103,10000000000003217,10000000000003241,10000000000003267,10000000000003291,10000000000003367,10000000000003411,10000000000003417,10000000000003457,10000000000003459,10000000000003471,10000000000003499,10000000000003523,10000000000003543,10000000000003583,10000000000003619,10000000000003627,10000000000003633,10000000000003693,10000000000003711,10000000000003747,10000000000003763,10000000000003813,10000000000003861,10000000000003879,10000000000003903,

<100000000000000000:
99999999999999997,99999999999999977,99999999999999961,99999999999999943,99999999999999919,99999999999999823,99999999999999761,99999999999999739,99999999999999727,99999999999999587,99999999999999577,99999999999999509,99999999999999503,99999999999999457,99999999999999329,99999999999999269,99999999999999251,99999999999999097,99999999999998963,99999999999998921,99999999999998911,99999999999998849,99999999999998837,99999999999998809,99999999999998807,99999999999998797,99999999999998717,99999999999998713,99999999999998617,99999999999998587,99999999999998563,99999999999998503,99999999999998473,99999999999998467,99999999999998437,99999999999998393,99999999999998389,99999999999998369,99999999999998363,99999999999998323,99999999999998299,99999999999998291,99999999999998251,99999999999998191,99999999999998179,99999999999998107,99999999999998101,99999999999998093,99999999999998053,99999999999998029,99999999999998017,99999999999997997,99999999999997921,99999999999997861,99999999999997829,99999999999997819,99999999999997771,99999999999997687,99999999999997651,99999999999997619,99999999999997567,99999999999997441,99999999999997403,99999999999997393,99999999999997333,99999999999997267,99999999999997169,99999999999997159,99999999999997133,99999999999997103,99999999999997087,99999999999997057,99999999999997001,99999999999996991,99999999999996937,99999999999996869,99999999999996857,99999999999996841,99999999999996791,99999999999996773,99999999999996623,99999999999996493,99999999999996479,99999999999996457,99999999999996337,99999999999996221,99999999999996167,99999999999996139,99999999999996077,99999999999996053,99999999999996023,99999999999996013,99999999999996011,99999999999996007,99999999999995987,99999999999995939,99999999999995857,99999999999995819,99999999999995717,99999999999995707,
>100000000000000000:
100000000000000003,100000000000000013,100000000000000019,100000000000000021,100000000000000049,100000000000000081,100000000000000099,100000000000000141,100000000000000181,100000000000000337,100000000000000339,100000000000000369,100000000000000379,100000000000000423,100000000000000519,100000000000000543,100000000000000589,100000000000000591,100000000000000609,100000000000000669,100000000000000691,100000000000000781,100000000000000787,100000000000000817,100000000000000819,100000000000000871,100000000000000889,100000000000001053,100000000000001071,100000000000001093,100000000000001099,100000000000001107,100000000000001201,100000000000001219,100000000000001221,100000000000001243,100000000000001249,100000000000001287,100000000000001293,100000000000001327,100000000000001399,100000000000001429,100000000000001449,100000000000001459,100000000000001573,100000000000001603,100000000000001623,100000000000001641,100000000000001903,100000000000001921,100000000000001947,100000000000001971,100000000000001989,100000000000002029,100000000000002041,100000000000002139,100000000000002169,100000000000002197,100000000000002203,100000000000002307,100000000000002341,100000000000002409,100000000000002433,100000000000002461,100000000000002493,100000000000002569,100000000000002587,100000000000002589,100000000000002643,100000000000002649,100000000000002701,100000000000002709,100000000000002733,100000000000002737,100000000000002799,100000000000002821,100000000000002833,100000000000002857,100000000000002859,100000000000002911,100000000000002913,100000000000002929,100000000000002937,100000000000002959,100000000000003007,100000000000003021,100000000000003039,100000000000003079,100000000000003177,100000000000003253,100000000000003289,100000000000003307,100000000000003417,100000000000003447,100000000000003457,100000000000003487,100000000000003559,100000000000003561,100000000000003699,100000000000003777,

<1000000000000000000:
999999999999999989,999999999999999967,999999999999999877,999999999999999863,999999999999999829,999999999999999749,999999999999999737,999999999999999709,999999999999999637,999999999999999631,999999999999999613,999999999999999601,999999999999999569,999999999999999539,999999999999999529,999999999999999503,999999999999999487,999999999999999463,999999999999999443,999999999999999419,999999999999999409,999999999999999371,999999999999999359,999999999999999331,999999999999999283,999999999999999161,999999999999999157,999999999999999121,999999999999999079,999999999999999073,999999999999999023,999999999999998989,999999999999998939,999999999999998929,999999999999998927,999999999999998867,999999999999998759,999999999999998743,999999999999998653,999999999999998651,999999999999998581,999999999999998539,999999999999998443,999999999999998321,999999999999998273,999999999999998269,999999999999998237,999999999999998227,999999999999998171,999999999999998167,999999999999998143,999999999999998027,999999999999998021,999999999999997999,999999999999997993,999999999999997961,999999999999997951,999999999999997943,999999999999997901,999999999999997883,999999999999997837,999999999999997831,999999999999997817,999999999999997751,999999999999997651,999999999999997589,999999999999997499,999999999999997471,999999999999997457,999999999999997433,999999999999997427,999999999999997313,999999999999997207,999999999999997189,999999999999997133,999999999999997121,999999999999997079,999999999999997057,999999999999997033,999999999999997019,999999999999997013,999999999999996967,999999999999996917,999999999999996881,999999999999996871,999999999999996847,999999999999996839,999999999999996829,999999999999996791,999999999999996781,999999999999996773,999999999999996767,999999999999996757,999999999999996701,999999999999996673,999999999999996659,999999999999996647,999999999999996553,999999999999996467,999999999999996461,
>1000000000000000000:
1000000000000000003,1000000000000000009,1000000000000000031,1000000000000000079,1000000000000000177,1000000000000000183,1000000000000000201,1000000000000000283,1000000000000000381,1000000000000000387,1000000000000000507,1000000000000000523,1000000000000000583,1000000000000000603,1000000000000000619,1000000000000000621,1000000000000000799,1000000000000000841,1000000000000000861,1000000000000000877,1000000000000000913,1000000000000000931,1000000000000000997,1000000000000001093,1000000000000001191,1000000000000001267,1000000000000001323,1000000000000001347,1000000000000001359,1000000000000001453,1000000000000001459,1000000000000001537,1000000000000001563,1000000000000001593,1000000000000001659,1000000000000001683,1000000000000001729,1000000000000001743,1000000000000001771,1000000000000001827,1000000000000001879,1000000000000001953,1000000000000002049,1000000000000002097,1000000000000002137,1000000000000002217,1000000000000002271,1000000000000002319,1000000000000002481,1000000000000002493,1000000000000002497,1000000000000002509,1000000000000002517,1000000000000002539,1000000000000002557,1000000000000002587,1000000000000002607,1000000000000002611,1000000000000002679,1000000000000002851,1000000000000002857,1000000000000002901,1000000000000002907,1000000000000002931,1000000000000002961,1000000000000003111,1000000000000003129,1000000000000003139,1000000000000003187,1000000000000003201,1000000000000003207,1000000000000003237,1000000000000003271,1000000000000003279,1000000000000003337,1000000000000003339,1000000000000003423,1000000000000003489,1000000000000003493,1000000000000003529,1000000000000003621,1000000000000003643,1000000000000003661,1000000000000003669,1000000000000003733,1000000000000003811,1000000000000003813,1000000000000003973,1000000000000004071,1000000000000004083,1000000000000004117,1000000000000004137,1000000000000004189,1000000000000004209,1000000000000004231,1000000000000004317,1000000000000004383,1000000000000004387,1000000000000004413,1000000000000004447,

